-------- PYTHON OUTPUT ----------

base_model_nn:
	mae: 419.7315979003906
	rmse: 516.7003173828125
	smape_scaled: 0.029496880248188972

optimal deterministic metrics:
		mae: 0.0
		rmse: 0.0
		smape_scaled: 0.0
---------------------------------
